6.557031250000000000e+01
1.223085937500000000e+02
6.557031250000000000e+01
1.446914062500000000e+02
6.658593750000000000e+01
1.625976562500000000e+02
6.861718750000000000e+01
1.834882812500000000e+02
7.572656250000000000e+01
2.013945312500000000e+02
8.689843750000000000e+01
2.148242187500000000e+02
9.908593750000000000e+01
2.237773437500000000e+02
1.143203125000000000e+02
2.252695312500000000e+02
1.275234375000000000e+02
2.252695312500000000e+02
1.427578125000000000e+02
2.252695312500000000e+02
1.569765625000000000e+02
2.222851562500000000e+02
1.681484375000000000e+02
2.118398437500000000e+02
1.783046875000000000e+02
1.984101562500000000e+02
1.833828125000000000e+02
1.805039062500000000e+02
1.864296875000000000e+02
1.625976562500000000e+02
1.874453125000000000e+02
1.431992187500000000e+02
1.884609375000000000e+02
1.223085937500000000e+02
7.166406250000000000e+01
1.118632812500000000e+02
8.080468750000000000e+01
1.036562500000000000e+02
9.096093750000000000e+01
1.021640625000000000e+02
1.011171875000000000e+02
1.036562500000000000e+02
1.112734375000000000e+02
1.051484375000000000e+02
1.437734375000000000e+02
1.058945312500000000e+02
1.539296875000000000e+02
1.044023437500000000e+02
1.640859375000000000e+02
1.021640625000000000e+02
1.737343750000000000e+02
1.036562500000000000e+02
1.833828125000000000e+02
1.088789062500000000e+02
1.295546875000000000e+02
1.208164062500000000e+02
1.295546875000000000e+02
1.327539062500000000e+02
1.295546875000000000e+02
1.461835937500000000e+02
1.285390625000000000e+02
1.581210937500000000e+02
1.133046875000000000e+02
1.655820312500000000e+02
1.204140625000000000e+02
1.670742187500000000e+02
1.285390625000000000e+02
1.685664062500000000e+02
1.356484375000000000e+02
1.670742187500000000e+02
1.427578125000000000e+02
1.640898437500000000e+02
8.385156250000000000e+01
1.223085937500000000e+02
8.791406250000000000e+01
1.178320312500000000e+02
1.031484375000000000e+02
1.178320312500000000e+02
1.102578125000000000e+02
1.238007812500000000e+02
1.031484375000000000e+02
1.252929687500000000e+02
8.892968750000000000e+01
1.252929687500000000e+02
1.468203125000000000e+02
1.223085937500000000e+02
1.539296875000000000e+02
1.163398437500000000e+02
1.671328125000000000e+02
1.163398437500000000e+02
1.722109375000000000e+02
1.208164062500000000e+02
1.671328125000000000e+02
1.238007812500000000e+02
1.539296875000000000e+02
1.238007812500000000e+02
9.908593750000000000e+01
1.849804687500000000e+02
1.102578125000000000e+02
1.819960937500000000e+02
1.244765625000000000e+02
1.790117187500000000e+02
1.285390625000000000e+02
1.805039062500000000e+02
1.326015625000000000e+02
1.805039062500000000e+02
1.447890625000000000e+02
1.819960937500000000e+02
1.559609375000000000e+02
1.849804687500000000e+02
1.468203125000000000e+02
1.909492187500000000e+02
1.376796875000000000e+02
1.939335937500000000e+02
1.285390625000000000e+02
1.954257812500000000e+02
1.183828125000000000e+02
1.939335937500000000e+02
1.082265625000000000e+02
1.909492187500000000e+02
1.001015625000000000e+02
1.849804687500000000e+02
1.143203125000000000e+02
1.864726562500000000e+02
1.285390625000000000e+02
1.864726562500000000e+02
1.407265625000000000e+02
1.864726562500000000e+02
1.539296875000000000e+02
1.849804687500000000e+02
1.407265625000000000e+02
1.864726562500000000e+02
1.285390625000000000e+02
1.864726562500000000e+02
1.133046875000000000e+02
1.864726562500000000e+02
